<?xml version="1.0"?>
<opencv_storage>
<Q type_id="opencv-matrix">
  <rows>4</rows>
  <cols>4</cols>
  <dt>d</dt>
  <data>
    1.0 0.0 0. 3.3138655853271484e+002 0.0 1.0 0.0 -7.5718918895721436e+002 0.0
    0.0 0.0 4.1554605104119428e+003 0.0 0.0 3.6630496974658706e-002
    4.8911396486218031e+001</data></Q>
</opencv_storage>