<?xml version="1.0"?>
<opencv_storage>
<images>
DSC_0016.JPG
DSC_0017.JPG
DSC_0018.JPG
DSC_0019.JPG
DSC_0020.JPG
DSC_0021.JPG
DSC_0026.JPG
DSC_0027.JPG
DSC_0028.JPG
DSC_0029.JPG
DSC_0030.JPG
DSC_0031.JPG
DSC_0032.JPG
DSC_0033.JPG
DSC_0034.JPG
DSC_0035.JPG
DSC_0036.JPG
</images>
</opencv_storage>
