<?xml version="1.0"?>
<opencv_storage>
<images>
DSC_0209.jpg
DSC_0210.jpg
DSC_0211.jpg
DSC_0212.jpg
DSC_0213.jpg
DSC_0214.jpg
DSC_0215.jpg
DSC_0216.jpg
DSC_0217.jpg
DSC_0218.jpg
DSC_0219.jpg
DSC_0220.jpg
DSC_0221.jpg
DSC_0222.jpg
DSC_0223.jpg
DSC_0224.jpg
DSC_0225.jpg
DSC_0226.jpg
DSC_0227.jpg
DSC_0228.jpg
DSC_0229.jpg
DSC_0230.jpg
DSC_0231.jpg
DSC_0232.jpg
DSC_0233.jpg
DSC_0071.jpg
DSC_0074.jpg
DSC_0075.jpg
DSC_0076.jpg
DSC_0077.jpg
DSC_0078.jpg
DSC_0080.jpg
DSC_0081.jpg
DSC_0082.jpg
DSC_0083.jpg
DSC_0084.jpg
DSC_0085.jpg
</images>
</opencv_storage>
